125.53068628448801
83.68712418965866
14.35473157205314
-9.46265368882596
20
30
false
39.20104232958143
23.176701285255223
0.5773502691896257
1
47.437332677930804
34.908701557695
0.5773502691896257
2
57.0701806090879
29.856938413448663
0.5773502691896257
3
59.85925004945126
15.18803908402681
0.5773502691896257
4
46.69842690676363
10.799122466297572
0.5773502691896257
5
74.21540554449005
12.061641523916858
0.5773502691896257
6
54.14744455020781
6.89262741302422
0.5773502691896257
7
39.54004722553662
30.24647101786429
0.5773502691896257
8
52.40519720861731
48.35476533485973
0.5773502691896257
9
70.72293901751112
35.90323510820153
0.5773502691896257
10
66.85018866683282
49.22508406365287
0.5773502691896257
11
81.45758599150396
25.87124045881252
0.5773502691896257
12
68.59243600842318
7.762946141817579
0.5773502691896257
13
46.78222767255073
44.05606995276034
0.5773502691896257
14
50.27469419952931
20.21447636847549
0.5773502691896257
15
73.5603005391092
21.20900991898234
0.5773502691896257
16
81.7965908874589
32.9410101914217
0.5773502691896257
17
74.299206310277
45.31858901037941
0.5773502691896257
18
61.13838316758926
40.92967239265039
0.5773502691896257
19
63.92745260795223
26.260773063228633
0.5773502691896257
20
1
0
2
1
3
2
4
3
0
4
5
3
6
4
7
0
8
1
9
2
10
9
11
5
12
6
13
7
8
13
8
10
9
11
5
12
14
6
7
14
15
12
16
11
17
10
18
13
19
14
18
19
17
18
16
17
15
16
15
19
