112.9396526811059
75.29310178740396
-13.863138573043212
9.63903471394813
10
15
true
33.07391315650173
58.55249841241333
0.5773502691896257
1
30.339166203309624
36.76320694759426
0.5773502691896257
2
41.63263066087812
39.26747125309059
0.5773502691896257
3
22.010568834876445
49.90973867686796
0.5773502691896257
4
45.78754393970406
53.53701491409186
0.5773502691896257
5
31.92661076835665
68.90107865101704
0.5773502691896257
8
55.29115104625766
59.68587081229379
0.5773502691896257
9
50.12468890631217
27.58692880861827
0.5773502691896257
41
12.186396790001194
53.48708603446819
0.5773502691896257
9
23.3693414647189
25.181940601518352
0.5773502691896257
10
1
0
2
0
3
2
4
3
1
4
5
0
6
4
7
2
8
3
9
1
7
9
6
7
5
8
8
9
5
6
