93.79301267309316
62.52867511539547
-4.628198829355526
12.590370695056222
10
15
false
36.18506168721336
48.227921417961845
0.5773502691896257
1
26.797243810167995
43.90986170942242
0.5773502691896257
2
45.8316296552903
44.60787196497932
0.5773502691896257
3
24.0399409180937
35.19697300333905
0.5773502691896257
4
48.09775701740626
35.578046441718925
0.5773502691896257
5
35.590355534324104
64.13108544333379
0.5773502691896257
8
56.372729381195896
52.09620858177926
0.5773502691896257
9
42.92886979001707
55.795708195090384
0.5773502691896257
41
17.21421606951746
53.64156089233068
0.5773502691896257
9
28.364479339171137
55.36695923692763
0.5773502691896257
10
1
0
2
0
3
2
4
3
1
4
5
0
6
4
7
2
8
3
9
1
7
9
6
7
5
8
8
9
5
6
